<!doctype html>
<html lang="en">
<head>
  <meta charset="utf-8">
  <title>Motto Preview</title>
  <style>
    body { font-family: sans-serif; max-width: 800px; margin: auto; }
    textarea { width: 100%; height: 200px; }
    button { padding: 0.5em 1.2em; font-size: 1.1em; }
    pre { background: #f0f0f0; padding: 1em; white-space: pre-wrap; }
  </style>
</head>
<body>
<h1>Motto Preview</h1>
<p>Paste motifs in MEME format below and click <strong>Run</strong>.</p>
<textarea id="meme">MEME version 4.5

ALPHABET= ACGT

strands: +

Background letter frequencies (from
A 0.295 C 0.205 G 0.205 T 0.295

MOTIF   CTCF_HUMAN.H10MO.A
letter-probability matrix: alength= 4 w= 20 nsites= 490
0.1097436987814691      0.34045604378123095     0.1502288519039952      0.3995714055333048
0.17600220222246893     0.19711029422931714     0.4155177019800546      0.21136980156815938
0.25567545822604093     0.09214932766753253     0.48462804624264155     0.16754716786378498
0.09057971846318519     0.8157820553524929      0.04202514061433579     0.05161308556998617
0.007898567432738118    0.9780955227099954      0.009981770287274505    0.004024139569992041
0.6938476337772048      0.03001018554873389     0.19539572949971049     0.08074645117435078
0.026135402885761497    0.6354085237621676      0.31986640084631696     0.01858967250575399
0.12583504981377716     0.43262220011740066     0.06389345047760026     0.37764929959122195
0.8835648961454486      0.015919586486713315    0.05471856080024274     0.04579695656759534
0.0020433086746169324   0.0021127452343135543   0.99358282135975        0.0022611247313195576
0.37265804378829853     0.002162708908514623    0.6228519613627819      0.002327285940404848
0.045831692839140376    0.021799235276578222    0.5539740187604014      0.37839505312388
0.005822496397799474    0.008310853359858428    0.9812204911450688      0.004646159097273282
0.04852086355504507     0.02920047534539353     0.8422131682596407      0.08006549283992076
0.08747786537823861     0.8211602099077348      0.007802709698508998    0.08355921501551768
0.38904477197923826     0.017267307800447412    0.5809884055779573      0.012699514642357019
0.0766915298155266      0.5811522603708154      0.30177052866195914     0.04038568115169877
0.07387158451847031     0.3916794934974311      0.07695682887709233     0.4574920931070063
0.40833888819953956     0.2399963672199008      0.30986136446543994     0.041803380115119686
0.12683046649655788     0.2184329717654435      0.3097097431395552      0.34502681859844336
URL http://hocomoco.autosome.ru/motif/CTCF_HUMAN.H10MO.A
</textarea>
<div>
  <label>Method:
    <select id="method">
      <option value="motto">Motto</option>
      <option value="mse">MSE</option>
      <option value="cavener">Cavener</option>
      <option value="max">Max</option>
    </select>
  </label>
  <label>Style:
    <select id="style">
      <option value="compact">compact</option>
      <option value="regex">regex</option>
      <option value="iupac">IUPAC</option>
    </select>
  </label>
  <label>Delimiter: <input id="delimiter" type="text"></label>
  <label>Penalty: <input id="penalty" type="number" step="any" value="0"></label>
  <label>Max chars: <input id="maxCharacter" type="number"></label>
  <label><input id="trim" type="checkbox"> Trim</label>
  <button id="run">Run</button>
</div>
<pre id="output"></pre>
<script>
function parseMeme(data) {
  const sections = data.split('MOTIF');
  const header = sections.shift();
  const alphabetLine = header.split('\n').find(l => l.startsWith('ALPHABET')) || '';
  const character = alphabetLine.replace('ALPHABET=', '').trim();
  const motifPairs = [];
  sections.forEach(info => {
    const lines = info.trim().split(/\n/);
    const id = lines.shift().trim();
    const pwm = [];
    lines.slice(1).forEach(line => {
      if (/^[.0-9]/.test(line.trim())) {
        pwm.push(line.trim().split(/\s+/).map(Number));
      }
    });
    if (id) motifPairs.push([id, pwm]);
  });
  return {character, motifPairs};
}

function jsd(x, y) {
  let d = 0;
  for (let i = 0; i < x.length; i++) {
    let xi = x[i];
    let yi = y[i];
    let d1 = xi * Math.log(2 * xi / (xi + yi));
    let d2 = yi * Math.log(2 * yi / (xi + yi));
    if (isNaN(d1)) d1 = 0;
    if (isNaN(d2)) d2 = 0;
    d += d1 + d2;
  }
  return 0.5 * d;
}

function SE(x, y) {
  let d = 0;
  for (let i = 0; i < x.length; i++) {
    d += Math.pow(x[i] - y[i], 2);
  }
  return d;
}

function indMostInfo(L, refDists, penalty) {
  const s = L.map((v, i) => [v, i]).sort((a,b) => b[0]-a[0]);
  const sList = s.map(p => p[0]);
  const sIndex = s.map(p => p[1]);
  const jsds = refDists.map((r,i)=> [jsd(sList, r) + penalty*penalty*(i+1), i+1]);
  const keepN = jsds.reduce((a,b)=> a[0]<b[0]?a:b)[1];
  return sIndex.slice(0, keepN);
}

function indMSE(L, refDists, penalty) {
  const s = L.map((v,i)=>[v,i]).sort((a,b)=>b[0]-a[0]);
  const sList = s.map(p=>p[0]);
  const sIndex = s.map(p=>p[1]);
  const SEs = refDists.map((r,i)=> [SE(sList,r) + penalty*penalty*(i+1), i+1]);
  const keepN = SEs.reduce((a,b)=> a[0]<b[0]?a:b)[1];
  return sIndex.slice(0, keepN);
}

function rates2kmer(L, refDists, character, penalty) {
  const keptInd = indMostInfo(L, refDists, penalty);
  return keptInd.map(i => character[i]);
}

function rates2kmer_mse(L, refDists, character, penalty) {
  const keptInd = indMSE(L, refDists, penalty);
  return keptInd.map(i => character[i]);
}

function rates2kmer_max(L, character) {
  const idx = L.map((v,i)=>[v,i]).sort((a,b)=>b[0]-a[0])[0][1];
  return [character[idx]];
}

function Cavener(L, character) {
  if (L.length !== 4) return character;
  const sorted = L.map((v,i)=>[v,i]).sort((a,b)=>b[0]-a[0]);
  const sList = sorted.map(p=>p[0]);
  const sIndex = sorted.map(p=>p[1]);
  if (sList[0] > 0.5 && sList[0] > sList[1]*2) {
    return [character[sIndex[0]]];
  } else if (sList[0] + sList[1] > 0.75) {
    return [character[sIndex[0]], character[sIndex[1]]];
  } else {
    return sIndex.map(i=>character[i]);
  }
}

function kmerStyle(kmerList, style, IUPACdict, character) {
  const kmerSortedString = kmerList.slice().sort().join('');
  const kmerString = kmerList.join('');
  let kmer = `[${kmerString}]`;
  if (kmerList.length === 1) {
    kmer = kmerString;
  } else if (style === 'iupac') {
    kmer = IUPACdict[kmerSortedString] || kmer;
  } else if (style === 'compact') {
    if (kmerList.length === character.length) kmer = 'N';
  }
  return kmer;
}

function runMotto(memeData, opts) {
  const {character, motifPairs} = parseMeme(memeData);
  const maxChar = opts.maxCharacter ? parseInt(opts.maxCharacter,10) : null;
  const refDists = [];
  const n = character.length;
  const mmax = maxChar || n;
  for(let m=1;m<=mmax;m++) {
    const row=[];
    for(let i=0;i<n;i++) row.push(i<m?1/m:0);
    refDists.push(row);
  }
  const IUPACdict={"AG":"R","CT":"Y","CG":"S","AT":"W","GT":"K","AC":"M","CGT":"B","AGT":"D","ACT":"H","ACG":"V","ACGT":"N"};
  const lines=[];
  motifPairs.forEach(([motifID, motifPWM])=>{
    const motifKmerList=[];
    let kmerLists=[];
    motifPWM.forEach(rates=>{
      let kmerList;
      switch(opts.method){
        case 'cavener':
          kmerList=Cavener(rates,character);break;
        case 'motto':
          kmerList=rates2kmer(rates,refDists,character,parseFloat(opts.penalty||0));break;
        case 'mse':
          kmerList=rates2kmer_mse(rates,refDists,character,parseFloat(opts.penalty||0));break;
        case 'max':
          kmerList=rates2kmer_max(rates,character);break;
        default:
          throw new Error('Unrecognized method');
      }
      kmerLists.push(kmerList);
    });
    if (opts.trim) {
      while(kmerLists.length && kmerLists[0].length===character.length) kmerLists.shift();
      while(kmerLists.length && kmerLists[kmerLists.length-1].length===character.length) kmerLists.pop();
    }
    kmerLists.forEach(kmerList=>{
      const kmer=kmerStyle(kmerList, opts.style, IUPACdict, character);
      motifKmerList.push(kmer);
    });
    lines.push(motifID+'\t'+(motifKmerList.join(opts.delimiter||'')));
  });
  return lines.join('\n');
}

document.getElementById('run').addEventListener('click', () => {
  const meme = document.getElementById('meme').value;
  const opts = {
    method: document.getElementById('method').value,
    style: document.getElementById('style').value,
    delimiter: document.getElementById('delimiter').value,
    penalty: parseFloat(document.getElementById('penalty').value) || 0,
    maxCharacter: document.getElementById('maxCharacter').value,
    trim: document.getElementById('trim').checked
  };
  if (meme.trim()) {
    const out = runMotto(meme, opts);
    document.getElementById('output').textContent = out;
  } else {
    document.getElementById('output').textContent = '';
  }
});
</script>
</body>
</html>
